n = 1000000 всего простых 78498
          1      2     4     16      32
Static  0.1659 0.1569 0.1569 0.1569 0.1559
Dynamic 0.1889 0.1889 0.1899 0.1889 0.1869

n = 10000000 всего простых 664579
          1      2     4     16      32
Static  3.9296 3.9086 3.9106 3.9106 3.9106
Dynamic 4.7821 5.1528 5.4067 4.863  4.6421

          1      2     4     16      32
Static  0.2678 0.1749 0.1599 0.1619 0.1649
Dynamic 0.1949 0.2159 0.2409 0.2099 0.2249
          1      2     4     16      32
Static  4.3403 3.9356 3.9406 3.9386 4.0455
Dynamic 4.4812 4.3353 4.2644 4.2764 4.3783

          1      2     4     16      32
Static  0.2708 0.2578 0.1619 0.1809 0.1669
Dynamic 0.2179 0.1919 0.2209 0.2448 0.1949
          1      2     4     16      32
Static  4.3643 4.3653 4.3503 4.0535 4.3903
Dynamic 4.4822 4.6911 5.1948 5.1388 4.6971
